Sample: 
Step (um): 0.30
X-length (um): 12.00
Y-length (um): 15.90
Horizontal Record Length: 24000
Fast Frame Count: 1
Average number of reads: 5
Notes: no notes entered
 Time (ns)      V (mV) 
2.0767e+002 3.9000e+000
2.0768e+002 3.0922e+000
2.0770e+002 2.3969e+000
2.0772e+002 1.9000e+000
2.0773e+002 1.4398e+000
2.0775e+002 9.5547e-001
2.0777e+002 3.0000e-001
2.0778e+002 -6.3672e-001
2.0780e+002 -1.7672e+000
2.0782e+002 -2.9000e+000
2.0783e+002 -3.7188e+000
2.0785e+002 -4.2461e+000
2.0787e+002 -4.5000e+000
2.0788e+002 -4.4156e+000
2.0790e+002 -4.3750e+000
2.0792e+002 -4.5000e+000
2.0793e+002 -4.6273e+000
2.0795e+002 -4.9367e+000
2.0797e+002 -5.3000e+000
2.0798e+002 -5.2766e+000
2.0800e+002 -4.8984e+000
2.0802e+002 -4.1000e+000
2.0803e+002 -2.8312e+000
2.0805e+002 -1.5367e+000
2.0807e+002 -5.0000e-001
2.0808e+002 1.8750e-001
2.0810e+002 6.4063e-001
2.0812e+002 1.1000e+000
2.0813e+002 1.7086e+000
2.0815e+002 2.5625e+000
2.0817e+002 3.5000e+000
2.0818e+002 4.1508e+000
2.0820e+002 4.5555e+000
2.0822e+002 4.7000e+000
2.0823e+002 4.4305e+000
2.0825e+002 4.1281e+000
2.0827e+002 3.9000e+000
2.0828e+002 3.5898e+000
2.0830e+002 3.3563e+000
2.0832e+002 3.1000e+000
2.0833e+002 2.5938e+000
2.0835e+002 2.0313e+000
2.0837e+002 1.5000e+000
2.0838e+002 8.8594e-001
2.0840e+002 1.2500e-001
2.0842e+002 -9.0000e-001
2.0843e+002 -2.0883e+000
2.0845e+002 -3.1430e+000
2.0847e+002 -3.7000e+000
2.0848e+002 -3.5633e+000
2.0850e+002 -3.2648e+000
2.0852e+002 -3.3000e+000
2.0853e+002 -3.7500e+000
2.0855e+002 -4.5742e+000
2.0857e+002 -5.3000e+000
2.0858e+002 -5.3305e+000
2.0860e+002 -4.9555e+000
2.0862e+002 -4.5000e+000
2.0863e+002 -4.0227e+000
2.0865e+002 -3.6953e+000
2.0867e+002 -3.3000e+000
2.0868e+002 -2.5234e+000
2.0870e+002 -1.5273e+000
2.0872e+002 -5.0000e-001
2.0873e+002 4.4219e-001
2.0875e+002 1.3414e+000
2.0877e+002 2.3000e+000
2.0878e+002 3.2320e+000
2.0880e+002 4.0992e+000
2.0882e+002 4.7000e+000
2.0883e+002 4.7344e+000
2.0885e+002 4.5320e+000
2.0887e+002 4.3000e+000
2.0888e+002 4.0000e+000
2.0890e+002 3.8984e+000
2.0892e+002 3.9000e+000
2.0893e+002 3.6461e+000
2.0895e+002 3.2508e+000
2.0897e+002 2.7000e+000
2.0898e+002 1.9047e+000
2.0900e+002 1.0773e+000
2.0902e+002 3.0000e-001
2.0903e+002 -4.2344e-001
2.0905e+002 -1.0805e+000
2.0907e+002 -1.7000e+000
2.0908e+002 -2.2984e+000
2.0910e+002 -2.9805e+000
2.0912e+002 -3.7000e+000
2.0913e+002 -4.2820e+000
2.0915e+002 -4.7203e+000
2.0917e+002 -4.9000e+000
2.0918e+002 -4.6750e+000
2.0920e+002 -4.3563e+000
2.0922e+002 -4.1000e+000
2.0923e+002 -3.8742e+000
2.0925e+002 -3.7789e+000
2.0927e+002 -3.7000e+000
2.0928e+002 -3.5266e+000
2.0930e+002 -3.4820e+000
2.0932e+002 -3.7000e+000
2.0933e+002 -4.0469e+000
2.0935e+002 -4.2914e+000
2.0937e+002 -4.1000e+000
2.0938e+002 -3.3227e+000
2.0940e+002 -2.2477e+000
2.0942e+002 -1.3000e+000
2.0943e+002 -8.6016e-001
2.0945e+002 -8.1797e-001
2.0947e+002 -9.0000e-001
2.0948e+002 -9.5469e-001
2.0950e+002 -7.9297e-001
2.0952e+002 -5.0000e-001
2.0953e+002 -3.6563e-001
2.0955e+002 -3.6797e-001
2.0957e+002 -5.0000e-001
2.0958e+002 -8.4141e-001
2.0960e+002 -1.2461e+000
2.0962e+002 -1.7000e+000
2.0963e+002 -2.2867e+000
2.0965e+002 -2.9469e+000
2.0967e+002 -3.7000e+000
2.0968e+002 -4.4930e+000
2.0970e+002 -5.3188e+000
2.0972e+002 -6.1000e+000
2.0973e+002 -6.5773e+000
2.0975e+002 -6.8398e+000
2.0977e+002 -6.9000e+000
2.0978e+002 -6.6117e+000
2.0980e+002 -6.3055e+000
2.0982e+002 -6.1000e+000
2.0983e+002 -5.7992e+000
2.0985e+002 -5.5633e+000
2.0987e+002 -5.3000e+000
2.0988e+002 -4.6891e+000
2.0990e+002 -3.8711e+000
2.0992e+002 -2.9000e+000
2.0993e+002 -1.7602e+000
2.0995e+002 -6.5938e-001
2.0997e+002 3.0000e-001
2.0998e+002 1.1242e+000
2.1000e+002 1.9078e+000
2.1002e+002 2.7000e+000
2.1003e+002 3.4516e+000
2.1005e+002 4.2852e+000
2.1007e+002 5.1000e+000
2.1008e+002 5.5789e+000
2.1010e+002 5.8523e+000
2.1012e+002 5.9000e+000
2.1013e+002 5.5961e+000
2.1015e+002 5.4086e+000
2.1017e+002 5.5000e+000
2.1018e+002 5.6500e+000
2.1020e+002 5.8750e+000
2.1022e+002 5.9000e+000
2.1023e+002 5.3445e+000
2.1025e+002 4.4703e+000
2.1027e+002 3.5000e+000
2.1028e+002 2.5109e+000
2.1030e+002 1.6039e+000
2.1032e+002 7.0000e-001
2.1033e+002 -2.1719e-001
2.1035e+002 -1.0719e+000
2.1037e+002 -1.7000e+000
2.1038e+002 -1.9547e+000
2.1040e+002 -2.1477e+000
2.1042e+002 -2.5000e+000
2.1043e+002 -2.9195e+000
2.1045e+002 -3.4117e+000
2.1047e+002 -3.7000e+000
2.1048e+002 -3.4117e+000
2.1050e+002 -2.9227e+000
2.1052e+002 -2.5000e+000
2.1053e+002 -2.1320e+000
2.1055e+002 -1.9344e+000
2.1057e+002 -1.7000e+000
2.1058e+002 -1.1422e+000
2.1060e+002 -4.1875e-001
2.1062e+002 3.0000e-001
2.1063e+002 9.3672e-001
2.1065e+002 1.5570e+000
2.1067e+002 2.3000e+000
2.1068e+002 3.1375e+000
2.1070e+002 4.0094e+000
2.1072e+002 4.7000e+000
2.1073e+002 4.9227e+000
2.1075e+002 4.9875e+000
2.1077e+002 5.1000e+000
2.1078e+002 5.1383e+000
2.1080e+002 5.2047e+000
2.1082e+002 5.1000e+000
2.1083e+002 4.5008e+000
2.1085e+002 3.7547e+000
2.1087e+002 3.1000e+000
2.1088e+002 2.5297e+000
2.1090e+002 2.0664e+000
2.1092e+002 1.5000e+000
2.1093e+002 6.3828e-001
2.1095e+002 -3.6797e-001
2.1097e+002 -1.3000e+000
2.1098e+002 -1.9852e+000
