Sample: 
Step (um): 0.30
X-length (um): 12.00
Y-length (um): 15.90
Horizontal Record Length: 24000
Fast Frame Count: 1
Average number of reads: 5
Notes: no notes entered
 Time (ns)      V (mV) 
2.0840e+002 8.2656e-001
2.0842e+002 3.0000e-001
2.0843e+002 -2.0234e-001
2.0845e+002 -8.4453e-001
2.0847e+002 -1.7000e+000
2.0848e+002 -2.5914e+000
2.0850e+002 -3.4656e+000
2.0852e+002 -4.1000e+000
2.0853e+002 -4.1984e+000
2.0855e+002 -4.1188e+000
2.0857e+002 -4.1000e+000
2.0858e+002 -4.0188e+000
2.0860e+002 -3.9633e+000
2.0862e+002 -3.7000e+000
2.0863e+002 -2.9523e+000
2.0865e+002 -2.0609e+000
2.0867e+002 -1.3000e+000
2.0868e+002 -6.9375e-001
2.0870e+002 -2.4219e-001
2.0872e+002 3.0000e-001
2.0873e+002 1.1570e+000
2.0875e+002 2.2977e+000
2.0877e+002 3.5000e+000
2.0878e+002 4.3477e+000
2.0880e+002 4.7594e+000
2.0882e+002 4.7000e+000
2.0883e+002 4.2148e+000
2.0885e+002 3.8484e+000
2.0887e+002 3.9000e+000
2.0888e+002 4.3039e+000
2.0890e+002 4.9742e+000
2.0892e+002 5.5000e+000
2.0893e+002 5.4078e+000
2.0895e+002 4.8109e+000
2.0897e+002 3.9000e+000
2.0898e+002 2.8594e+000
2.0900e+002 2.0336e+000
2.0902e+002 1.5000e+000
2.0903e+002 1.1875e+000
2.0905e+002 9.5469e-001
2.0907e+002 7.0000e-001
2.0908e+002 4.6094e-001
2.0910e+002 2.8437e-001
2.0912e+002 3.0000e-001
